[ 275.  216.  160.    1.]
[ 273.          215.          164.            1.66666667]
[ 273.  201.  158.    1.]
[ 265.  201.  164.    1.]
[ 264.          191.          254.            1.11111111]
[ 262.          189.          255.            1.11111111]
[ 260.  187.  255.    1.]
[ 255.          236.          153.            1.22222222]
[ 255.  194.  169.    1.]
[ 255.  180.  254.    1.]
[ 253.          231.          162.            1.22222222]
[ 252.          193.          168.            1.11111111]
[ 251.  227.  169.    2.]
[ 250.          236.          242.            1.22222222]
[ 250.  225.  100.    1.]
[ 250.  168.  162.    1.]
[ 249.  169.  248.    1.]
[ 248.  221.  176.    2.]
[ 248.  191.  171.    1.]
[ 247.  173.  169.    1.]
[ 245.          237.          241.            1.11111111]
[ 245.          236.          239.            1.11111111]
[ 245.          234.          236.            1.33333333]
[ 245.  189.  172.    1.]
[ 245.  173.  170.    1.]
[ 244.          232.          233.            1.55555556]
[ 243.          229.          229.            1.44444444]
[ 243.          225.          224.            1.66666667]
[ 242.          221.          220.            1.77777778]
[ 242.  200.  246.    1.]
[ 241.          225.          223.            1.55555556]
[ 240.          242.          156.            1.44444444]
[ 240.  215.  245.    1.]
[ 240.          215.          215.            1.33333333]
[ 240.          203.          159.            1.11111111]
[ 240.  201.  291.    1.]
[ 240.  186.  170.    1.]
[ 240.  172.  173.    1.]
[ 240.  161.  109.    1.]
[ 240.  150.  146.    1.]
[ 238.          249.          143.            1.44444444]
[ 238.          248.          145.            1.33333333]
[ 238.          247.          147.            1.11111111]
[ 238.          245.          151.            1.11111111]
[ 237.  187.  246.    1.]
[ 237.  184.  173.    1.]
[ 236.          245.          152.            1.33333333]
[ 236.          205.          153.            1.33333333]
[ 236.  188.  139.    1.]
[ 235.          244.          154.            1.22222222]
[ 235.          242.          157.            1.22222222]
[ 235.          222.          128.            1.22222222]
[ 235.  213.  145.    1.]
[ 235.          203.          135.            1.11111111]
[ 235.          201.          244.            1.22222222]
[ 235.  197.   85.    1.]
[ 235.  191.  293.    1.]
[ 235.  187.  245.    1.]
[ 235.  183.  173.    1.]
[ 235.  172.  175.    1.]
[ 235.  162.  168.    1.]
[ 235.  153.  113.    1.]
[ 235.  144.  145.    1.]
[ 234.          245.          103.            1.11111111]
[ 234.          167.          171.            1.11111111]
[ 233.  242.   99.    1.]
[ 233.          240.          161.            1.55555556]
[ 233.          212.          145.            1.11111111]
[ 233.          162.          169.            1.11111111]
[ 232.          237.          165.            1.77777778]
[ 232.          219.          131.            1.33333333]
[ 232.          181.          164.            1.44444444]
[ 231.          240.           96.            1.11111111]
[ 231.  234.  169.    2.]
[ 231.          213.          248.            1.11111111]
[ 231.          205.          149.            1.77777778]
[ 231.  188.  140.    1.]
[ 231.          181.          173.            1.11111111]
[ 230.  238.   93.    1.]
[ 230.          230.          173.            1.44444444]
[ 230.          217.          133.            1.11111111]
[ 230.  210.  146.    1.]
[ 230.          203.          139.            1.11111111]
[ 230.  189.   84.    1.]
[ 230.          180.          163.            1.11111111]
[ 230.          177.          157.            1.11111111]
[ 229.          200.          244.            1.33333333]
[ 229.          186.          246.            1.11111111]
[ 228.  235.   90.    1.]
[ 228.  223.  178.    2.]
[ 228.          214.          136.            1.33333333]
[ 228.  189.  164.    1.]
[ 228.          188.          140.            1.11111111]
[ 228.          179.          173.            1.11111111]
[ 228.  179.  162.    1.]
[ 227.          244.          238.            1.22222222]
[ 227.          242.          234.            1.33333333]
[ 227.  213.  247.    1.]
[ 227.          204.          141.            1.11111111]
[ 227.          163.          173.            1.22222222]
[ 226.          250.          254.            1.11111111]
[ 226.          203.          164.            1.11111111]
[ 226.  172.  175.    1.]
[ 226.  160.  175.    1.]
[ 225.          230.           86.            1.11111111]
[ 225.  201.  152.    1.]
[ 225.          195.          261.            1.11111111]
[ 225.          188.          142.            1.11111111]
[ 225.          186.          247.            1.11111111]
[ 225.  179.   84.    1.]
[ 225.  178.  157.    1.]
[ 225.  178.  121.    1.]
[ 225.          177.          161.            1.11111111]
[ 225.  176.  173.    1.]
[ 225.          164.          174.            1.22222222]
[ 224.          225.          256.            1.11111111]
[ 224.          199.          245.            1.33333333]
[ 224.          160.          176.            1.33333333]
[ 223.          250.          252.            1.11111111]
[ 223.          249.          249.            1.33333333]
[ 223.          248.          247.            1.11111111]
[ 223.          247.          244.            1.11111111]
[ 223.          246.          242.            1.11111111]
[ 223.          245.          240.            1.11111111]
[ 223.          212.          247.            1.11111111]
[ 223.          198.          115.            1.11111111]
[ 222.  226.   83.    1.]
[ 222.          176.          160.            1.11111111]
[ 222.          174.           84.            1.11111111]
[ 221.          242.          234.            1.33333333]
[ 221.          240.          231.            1.33333333]
[ 221.          239.          229.            1.44444444]
[ 221.          237.          226.            1.44444444]
[ 221.          234.          222.            1.44444444]
[ 221.          199.          246.            1.33333333]
[ 220.          231.          218.            1.11111111]
[ 220.          228.          216.            1.33333333]
[ 220.  223.  256.    1.]
[ 220.          222.           81.            1.33333333]
[ 220.  217.  245.    1.]
[ 220.  203.  144.    2.]
[ 220.  200.  162.    1.]
[ 220.          198.          117.            1.11111111]
[ 220.          195.          258.            1.11111111]
[ 220.          189.          148.            1.11111111]
[ 220.  188.  163.    1.]
[ 220.          183.          126.            1.11111111]
[ 220.          173.          239.            1.11111111]
[ 220.  171.  172.    1.]
[ 219.          220.           80.            1.33333333]
[ 219.          211.          305.            1.44444444]
[ 219.          198.          247.            1.33333333]
[ 219.          185.          248.            1.22222222]
[ 219.  179.  157.    1.]
[ 219.  167.  171.    1.]
[ 218.          252.          146.            1.55555556]
[ 218.          247.          282.            1.44444444]
[ 218.          198.          119.            1.22222222]
[ 217.          250.          150.            1.33333333]
[ 217.          249.          152.            1.33333333]
[ 217.          246.          284.            1.22222222]
[ 217.          212.          246.            1.33333333]
[ 217.          195.          255.            1.11111111]
[ 217.  174.  240.    1.]
[ 217.  163.  173.    1.]
[ 217.          152.          182.            1.33333333]
[ 216.          248.          154.            1.55555556]
[ 216.  217.   78.    1.]
[ 216.          213.          270.            1.22222222]
[ 216.          184.          248.            1.22222222]
[ 216.          173.          159.            1.44444444]
[ 215.          257.          132.            1.11111111]
[ 215.          256.          135.            1.11111111]
[ 215.          256.          109.            1.11111111]
[ 215.          244.          288.            1.11111111]
[ 215.  219.  256.    1.]
[ 215.  214.   77.    1.]
[ 215.  203.  307.    1.]
[ 215.          198.          122.            1.11111111]
[ 215.  196.  253.    1.]
[ 215.          196.          160.            1.55555556]
[ 215.          189.          156.            1.33333333]
[ 215.          188.          133.            1.11111111]
[ 215.  165.  259.    1.]
[ 214.  211.   76.    1.]
[ 214.          200.          308.            1.11111111]
[ 214.  200.  144.    2.]
[ 213.          255.          139.            1.33333333]
[ 213.          253.          143.            1.22222222]
[ 213.          241.          292.            1.44444444]
[ 213.          217.          144.            1.22222222]
[ 213.          211.          246.            1.33333333]
[ 213.          198.          124.            1.11111111]
[ 213.          179.          158.            1.22222222]
[ 213.          175.          241.            1.11111111]
[ 213.  173.  180.    1.]
[ 213.  158.  239.    1.]
[ 212.  208.   75.    1.]
[ 212.          205.          230.            1.22222222]
[ 212.          195.          308.            1.11111111]
[ 212.          194.          161.            1.33333333]
[ 212.          189.          136.            1.11111111]
[ 212.          183.          249.            1.33333333]
[ 211.          254.          103.            1.33333333]
[ 211.          252.          146.            1.44444444]
[ 211.          251.          148.            1.33333333]
[ 211.          239.          295.            1.55555556]
[ 211.          179.          159.            1.22222222]
[ 211.          165.          178.            1.33333333]
[ 210.          253.          101.            1.11111111]
[ 210.          252.           99.            1.11111111]
[ 210.          250.          150.            1.22222222]
[ 210.          248.          153.            1.22222222]
[ 210.  216.  255.    1.]
[ 210.          211.          266.            1.22222222]
[ 210.  205.   74.    1.]
[ 210.  204.  231.    1.]
[ 210.          196.          309.            1.33333333]
[ 210.  190.  138.    1.]
[ 210.  188.  271.    1.]
[ 210.          187.          116.            1.11111111]
[ 210.  170.  179.    1.]
[ 209.          236.          298.            1.66666667]
[ 209.          210.          246.            1.33333333]
[ 209.          199.          271.            1.11111111]
[ 209.          191.          309.            1.44444444]
[ 209.          190.          162.            1.88888889]
[ 209.          182.          249.            1.33333333]
[ 209.  173.  181.    1.]
[ 209.  161.  180.    2.]
[ 208.          250.           95.            1.33333333]
[ 208.          245.          158.            1.44444444]
[ 208.          237.          168.            1.66666667]
[ 208.          229.          172.            1.44444444]
[ 208.          221.          246.            1.33333333]
[ 208.  208.  256.    1.]
[ 208.          204.          232.            1.11111111]
[ 208.          191.          140.            1.11111111]
[ 208.          187.          270.            1.11111111]
[ 208.          180.          160.            1.22222222]
[ 208.          176.          242.            1.11111111]
[ 207.          249.           93.            1.33333333]
[ 207.          234.          300.            1.77777778]
[ 207.          205.          118.            1.22222222]
[ 207.  200.   73.    1.]
[ 207.          199.          129.            1.55555556]
[ 207.          157.          242.            1.66666667]
[ 206.          246.           89.            1.22222222]
[ 206.          210.          263.            1.33333333]
[ 206.  198.  270.    1.]
[ 206.          196.          250.            1.66666667]
[ 206.          187.          269.            1.33333333]
[ 206.  174.  181.    1.]
[ 205.  216.  250.    1.]
[ 205.          213.          253.            1.33333333]
[ 205.          203.          233.            1.11111111]
[ 205.          198.          133.            1.44444444]
[ 205.          182.          308.            1.11111111]
[ 205.          181.          248.            1.22222222]
[ 205.          181.          161.            1.11111111]
[ 205.          165.          135.            1.11111111]
[ 205.  163.  257.    1.]
[ 204.          232.          171.            1.77777778]
[ 204.          210.          143.            1.44444444]
[ 204.  194.  144.    2.]
[ 204.  194.   72.    1.]
[ 204.          157.          243.            1.55555556]
[ 203.          242.           85.            1.22222222]
[ 203.          231.          303.            1.55555556]
[ 203.          209.          131.            1.22222222]
[ 203.          203.          234.            1.11111111]
[ 203.          196.          138.            1.33333333]
[ 203.          188.          164.            1.77777778]
[ 203.          181.          162.            1.11111111]
[ 203.          176.          244.            1.22222222]
[ 202.          209.          247.            1.22222222]
[ 202.          195.          251.            1.55555556]
[ 202.  193.  143.    2.]
[ 202.          192.          121.            1.55555556]
[ 202.          180.          249.            1.55555556]
[ 202.          177.          308.            1.55555556]
[ 202.  172.  179.    1.]
[ 202.  163.  256.    1.]
[ 201.          256.          250.            1.11111111]
[ 201.          255.          246.            1.11111111]
[ 201.          254.          243.            1.22222222]
[ 201.          253.          241.            1.11111111]
[ 201.          252.          238.            1.33333333]
[ 201.          251.          236.            1.33333333]
[ 201.          242.          222.            1.33333333]
[ 201.          228.          305.            1.55555556]
[ 200.          248.          231.            1.11111111]
[ 200.          246.          228.            1.11111111]
[ 200.          244.          225.            1.11111111]
[ 200.          239.          218.            1.11111111]
[ 200.          239.           81.            1.22222222]
[ 200.          237.          215.            1.11111111]
[ 200.          208.          255.            1.66666667]
[ 200.          207.          144.            1.22222222]
[ 200.  192.  144.    2.]
[ 200.  192.   71.    1.]
[ 200.          187.          263.            1.22222222]
[ 200.          187.          165.            1.77777778]
[ 200.          179.          248.            1.22222222]
[ 200.          172.          307.            1.33333333]
[ 200.          172.          160.            1.88888889]
[ 200.  161.  180.    2.]
[ 200.          160.          245.            1.66666667]
[ 200.          146.          169.            1.11111111]
[ 199.          202.          235.            1.11111111]
[ 199.          194.          251.            1.66666667]
[ 198.          223.          308.            1.44444444]
[ 198.          197.          268.            1.22222222]
[ 198.          193.          124.            1.22222222]
[ 198.  172.  178.    1.]
[ 198.          163.          246.            1.66666667]
[ 198.  145.  248.    1.]
[ 197.          234.           77.            1.33333333]
[ 197.          221.          309.            1.55555556]
[ 197.  191.  145.    2.]
[ 197.  182.   71.    1.]
[ 197.          165.          246.            1.55555556]
[ 196.          219.          310.            1.55555556]
[ 196.          166.          306.            1.55555556]
[ 195.          233.           76.            1.22222222]
[ 195.          231.           75.            1.33333333]
[ 195.          217.          311.            1.55555556]
[ 195.          217.          251.            1.33333333]
[ 195.          203.          256.            1.33333333]
[ 195.          203.          144.            1.77777778]
[ 195.          197.          265.            1.22222222]
[ 195.          193.          252.            1.55555556]
[ 195.          186.          258.            1.33333333]
[ 195.  186.   70.    1.]
[ 195.  175.  132.    1.]
[ 195.          173.          162.            1.77777778]
[ 195.          168.          247.            1.44444444]
[ 195.  162.  254.    1.]
[ 194.          259.          140.            1.22222222]
[ 194.          229.           74.            1.33333333]
[ 194.  189.  146.    2.]
[ 194.          178.           71.            1.11111111]
[ 194.          151.          163.            1.33333333]
[ 193.          258.          143.            1.55555556]
[ 193.          214.          312.            1.55555556]
[ 193.          202.          145.            1.66666667]
[ 193.          201.          237.            1.22222222]
[ 193.          197.          263.            1.33333333]
[ 193.          194.          127.            1.55555556]
[ 193.  186.  166.    2.]
[ 193.          184.           70.            1.11111111]
[ 193.  176.   72.    1.]
[ 193.  175.  248.    2.]
[ 193.  146.  248.    1.]
[ 192.          264.          127.            1.11111111]
[ 192.          260.          138.            1.22222222]
[ 192.          257.          145.            1.33333333]
[ 192.          256.          147.            1.44444444]
[ 192.          255.          149.            1.44444444]
[ 192.          223.           71.            1.22222222]
[ 192.          221.          269.            1.55555556]
[ 192.          186.          256.            1.33333333]
[ 192.          171.          147.            1.77777778]
[ 192.  170.  177.    1.]
[ 191.          219.          268.            1.55555556]
[ 191.          211.          313.            1.44444444]
[ 191.  209.  247.    2.]
[ 191.          200.          146.            1.55555556]
[ 191.          193.          132.            1.66666667]
[ 191.  188.  147.    2.]
[ 191.          173.           72.            1.33333333]
[ 190.          262.          133.            1.22222222]
[ 190.          238.          167.            1.22222222]
[ 190.          226.           72.            1.11111111]
[ 190.          212.          264.            1.77777778]
[ 190.  204.  139.    1.]
[ 190.          201.          238.            1.11111111]
[ 190.          198.          179.            1.77777778]
[ 190.          193.          134.            1.55555556]
[ 190.  185.  176.    1.]
[ 190.  170.   73.    1.]
[ 190.          167.          140.            1.33333333]
[ 190.          165.          136.            1.22222222]
[ 190.  149.  240.    1.]
[ 189.  266.  111.    1.]
[ 189.          265.          125.            1.11111111]
[ 189.          208.          262.            1.66666667]
[ 189.          207.          314.            1.33333333]
[ 189.          198.          147.            1.66666667]
[ 189.          193.          136.            1.55555556]
[ 189.  176.  246.    2.]
[ 189.          173.          152.            1.88888889]
[ 189.          154.          161.            1.55555556]
[ 188.          264.          129.            1.11111111]
[ 188.          260.          139.            1.11111111]
[ 188.          259.          141.            1.11111111]
[ 188.  248.  291.    1.]
[ 188.          221.           70.            1.11111111]
[ 188.          219.           69.            1.22222222]
[ 188.          193.          139.            1.55555556]
[ 188.  176.  252.    1.]
[ 188.          174.          165.            1.77777778]
[ 188.  147.  248.    1.]
[ 187.  265.  106.    1.]
[ 187.          257.          145.            1.33333333]
[ 187.  207.  246.    2.]
[ 187.          201.          239.            1.11111111]
[ 187.          178.          116.            1.66666667]
[ 187.          166.          177.            1.77777778]
[ 186.          256.          147.            1.33333333]
[ 186.          253.          151.            1.33333333]
[ 186.          251.          154.            1.55555556]
[ 186.          236.          168.            1.55555556]
[ 186.          226.          173.            1.77777778]
[ 186.  220.   69.    1.]
[ 186.  198.  257.    2.]
[ 186.  188.  178.    2.]
[ 186.          182.          138.            1.77777778]
[ 186.          181.          131.            1.66666667]
[ 186.          180.          127.            1.77777778]
[ 186.          179.          122.            1.77777778]
[ 186.  177.  246.    2.]
[ 186.          116.          184.            1.44444444]
[ 185.          264.          103.            1.11111111]
[ 185.          249.          157.            1.77777778]
[ 185.  245.  295.    1.]
[ 185.  217.   68.    1.]
[ 185.          213.           67.            1.22222222]
[ 185.          203.          315.            1.33333333]
[ 185.          201.          240.            1.11111111]
[ 185.  199.  142.    1.]
[ 185.          185.          249.            1.22222222]
[ 185.          183.          141.            1.55555556]
[ 185.          176.          280.            1.11111111]
[ 185.          173.          273.            1.44444444]
[ 185.  170.   70.    1.]
[ 185.  168.   71.    1.]
[ 185.          160.           75.            1.22222222]
[ 185.  159.  251.    1.]
[ 185.          151.          171.            1.44444444]
[ 185.          139.          178.            1.11111111]
[ 184.          262.           98.            1.33333333]
[ 184.          210.           66.            1.33333333]
[ 184.  184.  147.    2.]
[ 184.          176.          253.            1.33333333]
[ 184.          115.          184.            1.55555556]
[ 183.          261.           96.            1.22222222]
[ 183.          242.          164.            1.33333333]
[ 183.          241.          299.            1.11111111]
[ 183.  215.   67.    1.]
[ 183.          174.          269.            1.44444444]
[ 183.  165.  160.    2.]
[ 183.          154.          170.            1.44444444]
[ 182.          260.           94.            1.11111111]
[ 182.          231.          133.            1.55555556]
[ 182.          226.          134.            1.55555556]
[ 182.          196.          316.            1.33333333]
[ 182.  194.  147.    2.]
[ 182.  158.  160.    2.]
[ 182.          156.           76.            1.33333333]
[ 182.  150.  147.    1.]
[ 182.          148.          246.            1.33333333]
[ 181.          257.           89.            1.11111111]
[ 181.          224.          135.            1.55555556]
[ 181.  211.   66.    1.]
[ 181.          206.           65.            1.44444444]
[ 181.  191.  255.    2.]
[ 180.  241.  115.    1.]
[ 180.          237.          303.            1.33333333]
[ 180.          236.          167.            1.44444444]
[ 180.  180.  244.    2.]
[ 180.          175.          262.            1.33333333]
[ 180.          159.          168.            1.44444444]
[ 180.          153.           77.            1.33333333]
[ 180.          151.          159.            1.55555556]
[ 180.          148.          130.            1.11111111]
[ 180.          114.          183.            1.55555556]
[ 179.          256.          238.            1.22222222]
[ 179.          256.           87.            1.11111111]
[ 179.          254.           85.            1.11111111]
[ 179.          220.          139.            1.66666667]
[ 179.          215.          155.            1.11111111]
[ 179.          151.           78.            1.33333333]
[ 178.          259.          245.            1.11111111]
[ 178.          255.          236.            1.11111111]
[ 178.          254.          234.            1.11111111]
[ 178.          253.          232.            1.11111111]
[ 178.          252.          230.            1.11111111]
[ 178.          251.          228.            1.22222222]
[ 178.          250.          226.            1.33333333]
[ 178.          234.          305.            1.55555556]
[ 178.  181.  243.    2.]
[ 178.          149.          247.            1.88888889]
[ 178.          148.          138.            1.55555556]
[ 177.          258.          243.            1.22222222]
[ 177.          248.          223.            1.22222222]
[ 177.          245.          218.            1.22222222]
[ 177.          214.          155.            1.44444444]
[ 177.          177.          253.            1.55555556]
[ 177.          150.          141.            1.33333333]
[ 177.          148.           79.            1.33333333]
[ 176.          247.          221.            1.33333333]
[ 176.          244.          216.            1.44444444]
[ 176.          238.          117.            1.55555556]
[ 176.          231.          307.            1.55555556]
[ 176.  201.  242.    2.]
[ 176.          200.           64.            1.22222222]
[ 176.          189.          317.            1.33333333]
[ 176.  182.  242.    2.]
[ 176.          172.          167.            1.66666667]
[ 176.          152.          247.            1.88888889]
[ 176.          146.           80.            1.33333333]
[ 175.  252.   82.    1.]
[ 175.  247.   78.    1.]
[ 175.          235.          119.            1.33333333]
[ 175.          229.          308.            1.44444444]
[ 175.  222.  150.    1.]
[ 175.          213.          144.            1.55555556]
[ 175.          211.          153.            1.11111111]
[ 175.          202.          250.            1.33333333]
[ 175.          201.          248.            1.55555556]
[ 175.          184.          317.            1.55555556]
[ 175.  166.  174.    1.]
[ 175.          166.          163.            1.33333333]
[ 175.          144.          252.            1.11111111]
[ 175.          144.           81.            1.33333333]
[ 175.          137.          239.            1.33333333]
[ 174.          239.          240.            1.22222222]
[ 174.          197.           63.            1.33333333]
[ 174.          179.          316.            1.33333333]
[ 174.  157.  247.    2.]
[ 174.          155.          148.            1.88888889]
[ 173.          249.           79.            1.11111111]
[ 173.          228.          123.            1.55555556]
[ 173.  158.  149.    2.]
[ 172.  247.   77.    1.]
[ 172.          220.          150.            1.11111111]
[ 172.  183.  240.    2.]
[ 172.          181.          317.            1.22222222]
[ 172.  177.  152.    2.]
[ 172.  165.  174.    1.]
[ 172.  160.  150.    2.]
[ 171.          243.           74.            1.11111111]
[ 171.          223.          311.            1.55555556]
[ 171.          207.          148.            1.77777778]
[ 171.  179.  251.    2.]
[ 171.          172.          315.            1.44444444]
[ 171.          163.          152.            1.88888889]
[ 171.  162.  246.    2.]
[ 170.  240.   72.    1.]
[ 170.          225.          128.            1.44444444]
[ 170.          221.          312.            1.77777778]
[ 170.  219.  150.    1.]
[ 170.          203.          147.            1.55555556]
[ 170.  189.   62.    1.]
[ 170.          183.          318.            1.33333333]
[ 170.          175.          316.            1.22222222]
[ 170.          165.          153.            1.77777778]
[ 170.          143.          152.            1.22222222]
[ 170.          130.          232.            1.11111111]
[ 169.  163.  175.    1.]
[ 168.          258.          279.            1.33333333]
[ 168.          219.          313.            1.77777778]
[ 168.          218.          149.            1.11111111]
[ 168.  201.  146.    2.]
[ 168.  187.   62.    1.]
[ 168.          167.          314.            1.55555556]
[ 167.          236.          140.            1.33333333]
[ 167.          236.           69.            1.11111111]
[ 167.  232.   67.    1.]
[ 167.  192.   62.    1.]
[ 167.          175.          317.            1.33333333]
[ 166.          256.          284.            1.55555556]
[ 166.          217.          314.            1.66666667]
[ 166.          217.          149.            1.11111111]
[ 166.          171.          316.            1.33333333]
[ 166.          162.          175.            1.11111111]
[ 165.  270.  122.    1.]
[ 165.          262.          143.            1.33333333]
[ 165.          238.          253.            1.44444444]
[ 165.          215.          108.            1.11111111]
[ 165.          214.          315.            1.66666667]
[ 165.          214.          135.            1.44444444]
[ 165.          212.          136.            1.44444444]
[ 165.  208.  138.    2.]
[ 165.  206.  142.    2.]
[ 165.          193.          274.            1.22222222]
[ 165.  190.   61.    1.]
[ 165.  182.   62.    1.]
[ 165.          162.          313.            1.55555556]
[ 164.          267.          132.            1.22222222]
[ 164.  232.   67.    1.]
[ 164.          219.          139.            1.77777778]
[ 164.          161.          175.            1.33333333]
[ 163.          253.          289.            1.11111111]
[ 163.  230.   66.    1.]
[ 163.          227.          124.            1.66666667]
[ 163.          211.          316.            1.55555556]
[ 163.  186.   61.    1.]
[ 163.  179.   62.    1.]
[ 163.          168.          142.            1.88888889]
[ 162.          240.          166.            1.55555556]
[ 162.          216.          141.            1.66666667]
[ 162.  177.   62.    1.]
[ 162.  161.  174.    1.]
[ 162.          157.          312.            1.55555556]
[ 162.          148.          126.            1.55555556]
[ 161.  225.   64.    1.]
[ 161.          208.          317.            1.55555556]
[ 161.          155.          311.            1.55555556]
[ 160.          269.          127.            1.11111111]
[ 160.          268.          129.            1.11111111]
[ 160.          249.          294.            1.11111111]
[ 160.          239.          167.            1.55555556]
[ 160.          231.          246.            1.66666667]
[ 160.          212.          113.            1.22222222]
[ 160.  180.   61.    1.]
[ 160.          172.          123.            1.11111111]
[ 160.          164.          141.            1.88888889]
[ 160.          153.          131.            1.33333333]
[ 160.          120.           98.            1.55555556]
[ 159.          265.          135.            1.33333333]
[ 159.          262.          141.            1.33333333]
[ 159.  223.   63.    1.]
[ 159.          155.          134.            1.55555556]
[ 159.          151.          310.            1.66666667]
[ 158.  271.  121.    1.]
[ 158.          271.          106.            1.11111111]
[ 158.  270.  104.    1.]
[ 158.          261.          143.            1.33333333]
[ 158.          259.          146.            1.33333333]
[ 158.          256.          150.            1.33333333]
[ 158.          228.          245.            1.66666667]
[ 158.          214.          236.            1.22222222]
[ 158.          210.          115.            1.33333333]
[ 158.          204.          318.            1.44444444]
[ 158.          174.          138.            1.77777778]
[ 158.  174.   62.    1.]
[ 158.          169.           63.            1.11111111]
[ 158.  160.  173.    1.]
[ 158.          149.          309.            1.55555556]
[ 157.  264.  252.    1.]
[ 157.  262.  246.    1.]
[ 157.          260.          241.            1.22222222]
[ 157.  259.  238.    1.]
[ 157.          256.          232.            1.22222222]
[ 157.          255.          230.            1.22222222]
[ 157.          253.          154.            1.55555556]
[ 157.          251.          222.            1.33333333]
[ 157.          248.          217.            1.22222222]
[ 157.  220.   62.    1.]
[ 157.          215.          153.            1.55555556]
[ 157.  210.  147.    2.]
[ 157.          172.          131.            1.77777778]
[ 157.          159.          139.            1.88888889]
[ 156.          253.          226.            1.22222222]
[ 156.          250.          220.            1.33333333]
[ 156.          250.          157.            1.55555556]
[ 156.          249.          159.            1.66666667]
[ 156.          245.          212.            1.33333333]
[ 156.          177.           61.            1.11111111]
[ 156.          146.          308.            1.55555556]
[ 155.  270.  101.    1.]
[ 155.          268.           97.            1.11111111]
[ 155.          267.           95.            1.11111111]
[ 155.          266.           93.            1.11111111]
[ 155.          261.          242.            1.11111111]
[ 155.          242.          249.            1.11111111]
[ 155.          223.          150.            1.11111111]
[ 155.  217.   61.    1.]
[ 155.          213.          238.            1.11111111]
[ 155.  209.  148.    2.]
[ 155.          206.          121.            1.55555556]
[ 155.          198.          319.            1.33333333]
[ 155.  172.  253.    2.]
[ 155.  172.   62.    1.]
[ 155.          160.          172.            1.33333333]
[ 155.          150.          108.            1.22222222]
[ 155.          149.          106.            1.33333333]
[ 155.          141.          305.            1.33333333]
[ 154.          269.           99.            1.11111111]
[ 154.          265.           91.            1.11111111]
[ 154.  264.  250.    1.]
[ 154.          262.          245.            1.11111111]
[ 154.          241.          302.            1.44444444]
[ 154.          229.          235.            1.33333333]
[ 154.          223.          243.            1.66666667]
[ 154.          214.           60.            1.11111111]
[ 154.          199.          260.            1.77777778]
[ 154.          198.          286.            1.77777778]
[ 154.          172.          139.            1.33333333]
[ 154.  168.  254.    2.]
[ 153.          268.           96.            1.22222222]
[ 153.  265.  255.    1.]
[ 153.          206.          125.            1.55555556]
[ 153.          204.          291.            1.33333333]
[ 153.          197.          284.            1.66666667]
[ 153.  197.  163.    2.]
[ 153.          172.           61.            1.11111111]
[ 153.  163.  254.    2.]
[ 153.          161.          171.            1.33333333]
[ 153.          143.          251.            1.55555556]
[ 153.          140.          250.            1.77777778]
[ 153.          134.          245.            1.33333333]
[ 152.          267.           94.            1.11111111]
[ 152.  264.   89.    1.]
[ 152.          241.          166.            1.55555556]
[ 152.          239.          247.            1.22222222]
[ 152.  169.   62.    1.]
[ 152.          164.          124.            1.22222222]
[ 152.          153.          140.            1.33333333]
[ 152.          146.          252.            1.44444444]
[ 151.  265.  267.    1.]
[ 151.          262.           86.            1.11111111]
[ 151.          237.          305.            1.33333333]
[ 151.  211.   59.    1.]
[ 151.          195.          280.            1.77777778]
[ 151.  157.  254.    2.]
[ 151.  152.  254.    2.]
[ 150.  264.  272.    1.]
[ 150.  237.  245.    1.]
[ 150.          228.          236.            1.33333333]
[ 150.          199.          103.            1.22222222]
[ 150.          193.          276.            1.77777778]
[ 150.          170.          141.            1.77777778]
[ 150.  164.   63.    1.]
[ 150.          160.          170.            1.33333333]
[ 150.          154.          129.            1.33333333]
[ 150.          150.          141.            1.44444444]
[ 149.          231.          268.            1.11111111]
[ 149.  219.  242.    2.]
[ 149.          192.          274.            1.88888889]
[ 149.  168.  152.    2.]
[ 149.          157.          265.            1.77777778]
[ 149.          155.          132.            1.55555556]
[ 148.  264.  273.    1.]
[ 148.          259.           82.            1.11111111]
[ 148.  203.  153.    2.]
[ 148.          200.          108.            1.55555556]
[ 148.  199.  253.    2.]
[ 148.          190.          271.            1.66666667]
[ 148.          188.          320.            1.33333333]
[ 148.  166.  150.    2.]
[ 148.          157.          136.            1.33333333]
[ 148.          156.          134.            1.44444444]
[ 147.          201.          112.            1.44444444]
[ 147.          161.           63.            1.11111111]
[ 146.          263.          276.            1.11111111]
[ 146.          253.           76.            1.11111111]
[ 146.  202.  131.    2.]
[ 146.          187.          266.            1.66666667]
[ 146.          162.          264.            1.55555556]
[ 145.  262.  279.    1.]
[ 145.          232.          247.            1.66666667]
[ 145.  231.  267.    1.]
[ 145.          229.          245.            1.55555556]
[ 145.          225.          243.            1.44444444]
[ 145.          202.          115.            1.33333333]
[ 145.          164.          263.            1.55555556]
[ 145.          164.          138.            1.11111111]
[ 145.  152.   66.    1.]
[ 145.          146.          259.            1.33333333]
[ 145.          143.          139.            1.11111111]
[ 145.  137.  260.    1.]
[ 144.  248.   72.    1.]
[ 144.          228.          311.            1.44444444]
[ 144.  195.  255.    2.]
[ 144.          186.          263.            1.66666667]
[ 144.  177.  252.    2.]
[ 144.          106.          178.            1.22222222]
[ 143.          260.          283.            1.11111111]
[ 143.  251.   74.    1.]
[ 143.          228.          237.            1.55555556]
[ 143.          226.          312.            1.44444444]
[ 143.  206.  119.    2.]
[ 143.  197.   56.    1.]
[ 143.  171.  259.    2.]
[ 143.  169.  261.    2.]
[ 143.  151.   66.    1.]
[ 143.          126.          297.            1.44444444]
[ 142.  259.  285.    1.]
[ 142.          231.          102.            1.11111111]
[ 142.          213.          108.            1.66666667]
[ 142.          157.          141.            1.55555556]
[ 141.          227.          237.            1.55555556]
[ 141.          224.          313.            1.44444444]
[ 141.          216.          103.            1.44444444]
[ 141.  203.  141.    2.]
[ 141.  199.  160.    2.]
[ 141.          170.          147.            1.22222222]
[ 141.          161.          164.            1.55555556]
[ 141.          139.          138.            1.33333333]
[ 140.          257.          288.            1.22222222]
[ 140.  249.   72.    1.]
[ 140.          222.          314.            1.33333333]
[ 140.          208.          150.            1.22222222]
[ 140.          204.           99.            1.44444444]
[ 140.          193.          266.            1.33333333]
[ 140.          176.          320.            1.33333333]
[ 140.          165.          267.            1.66666667]
[ 140.          152.          138.            1.33333333]
[ 140.          140.          146.            1.11111111]
[ 139.          256.          290.            1.33333333]
[ 139.  246.   70.    1.]
[ 139.          243.           68.            1.11111111]
[ 139.          232.          265.            1.44444444]
[ 139.          230.          103.            1.55555556]
[ 139.  192.   55.    1.]
[ 139.          161.          163.            1.55555556]
[ 139.  148.   66.    1.]
[ 138.          269.          134.            1.33333333]
[ 138.          226.          237.            1.55555556]
[ 138.          219.          315.            1.55555556]
[ 138.          203.          103.            1.55555556]
[ 138.  188.  127.    2.]
[ 138.          149.          136.            1.55555556]
[ 138.  142.   69.    1.]
[ 137.  273.  125.    1.]
[ 137.          271.          129.            1.11111111]
[ 137.          253.          294.            1.44444444]
[ 137.          240.           66.            1.11111111]
[ 137.          209.          152.            1.33333333]
[ 137.          191.          276.            1.66666667]
[ 137.  186.   54.    1.]
[ 137.          181.          122.            1.55555556]
[ 137.          161.          162.            1.22222222]
[ 137.          147.          135.            1.33333333]
[ 136.          272.          127.            1.11111111]
[ 136.  242.   67.    1.]
[ 136.          216.          316.            1.44444444]
[ 136.          201.          107.            1.77777778]
[ 136.  185.  260.    2.]
[ 135.          237.           64.            1.11111111]
[ 135.          232.          258.            1.55555556]
[ 135.          225.          238.            1.55555556]
[ 135.  217.  176.    2.]
[ 135.          214.          317.            1.66666667]
[ 135.          210.          153.            1.33333333]
[ 135.          202.          111.            1.55555556]
[ 135.          199.          146.            1.77777778]
[ 135.          191.          142.            1.33333333]
[ 135.          190.          283.            1.55555556]
[ 135.  184.   54.    1.]
[ 135.          178.          119.            1.77777778]
[ 135.          170.          320.            1.55555556]
[ 135.          167.          319.            1.33333333]
[ 135.          154.          274.            1.44444444]
[ 135.  140.   69.    1.]
[ 134.          265.          141.            1.22222222]
[ 134.          193.          154.            1.77777778]
[ 134.          190.          119.            1.77777778]
[ 134.          151.          275.            1.55555556]
[ 133.  274.  122.    1.]
[ 133.  273.  125.    1.]
[ 133.          272.          127.            1.11111111]
[ 133.  271.  129.    1.]
[ 133.          268.          135.            1.11111111]
[ 133.          267.          137.            1.11111111]
[ 133.          266.          139.            1.11111111]
[ 133.  262.  145.    1.]
[ 133.          260.          148.            1.11111111]
[ 133.          256.          153.            1.22222222]
[ 133.          231.          254.            1.55555556]
[ 133.          222.          109.            1.77777778]
[ 133.          217.          238.            1.66666667]
[ 133.          211.          318.            1.55555556]
[ 133.  208.  248.    2.]
[ 133.          189.          286.            1.22222222]
[ 133.          189.          136.            1.44444444]
[ 133.  181.   54.    1.]
[ 133.          149.          276.            1.55555556]
[ 133.          137.           70.            1.22222222]
[ 133.          134.           72.            1.11111111]
[ 132.          258.          224.            1.33333333]
[ 132.          253.          156.            1.33333333]
[ 132.          230.          252.            1.44444444]
[ 132.          216.          261.            1.22222222]
[ 132.          212.          155.            1.44444444]
[ 132.          197.          147.            1.44444444]
[ 132.  179.   54.    1.]
[ 132.          178.          266.            1.55555556]
[ 132.          127.          264.            1.33333333]
[ 131.          273.          125.            1.33333333]
[ 131.          265.          238.            1.11111111]
[ 131.          262.          231.            1.11111111]
[ 131.          251.          158.            1.55555556]
[ 131.          232.           61.            1.11111111]
[ 131.          212.          119.            1.66666667]
[ 131.          191.          112.            1.88888889]
[ 131.  183.  246.    2.]
[ 131.          145.          277.            1.66666667]
[ 131.          133.           72.            1.22222222]
[ 130.  269.  248.    1.]
[ 130.          267.          243.            1.11111111]
[ 130.          245.          302.            1.44444444]
[ 130.          230.           60.            1.11111111]
[ 130.          216.          257.            1.22222222]
[ 130.  216.  176.    2.]
[ 130.          214.          156.            1.22222222]
[ 130.  202.  130.    2.]
[ 130.          187.          132.            1.22222222]
[ 130.  187.   53.    1.]
[ 130.  182.  248.    2.]
[ 130.          175.          269.            1.66666667]
[ 130.          170.          113.            1.11111111]
[ 130.          161.          318.            1.22222222]
[ 130.          158.          317.            1.33333333]
[ 130.          136.          133.            1.11111111]
[ 130.  129.   75.    1.]
[ 130.          126.          264.            1.22222222]
[ 129.  270.  253.    1.]
[ 129.  268.  245.    1.]
[ 129.  264.  236.    1.]
[ 129.          259.          226.            1.11111111]
[ 129.          256.          222.            1.11111111]
[ 129.          254.          219.            1.11111111]
[ 129.          251.          215.            1.33333333]
[ 129.          227.          245.            1.88888889]
[ 129.  212.  249.    2.]
[ 129.          207.          319.            1.55555556]
[ 129.  201.  132.    2.]
[ 129.          189.          289.            1.44444444]
[ 128.  274.  100.    1.]
[ 128.  265.  238.    1.]
[ 128.          262.          232.            1.11111111]
[ 128.          261.          230.            1.11111111]
[ 128.          260.          228.            1.11111111]
[ 128.          240.          116.            1.66666667]
[ 128.          225.           58.            1.11111111]
[ 128.  220.  237.    2.]
[ 128.  215.  127.    2.]
[ 128.          195.          147.            1.77777778]
[ 128.          192.          106.            1.88888889]
[ 128.          182.          261.            1.33333333]
[ 128.          154.          316.            1.55555556]
[ 128.          130.           73.            1.33333333]
[ 128.          127.           76.            1.11111111]
[ 128.          124.           79.            1.11111111]
[ 127.          234.          122.            1.55555556]
[ 127.          216.          155.            1.33333333]
[ 127.          204.          320.            1.55555556]
[ 127.  182.   52.    1.]
[ 127.  181.  126.    2.]
[ 127.          167.          110.            1.22222222]
[ 127.          156.          317.            1.44444444]
[ 127.          133.          132.            1.33333333]
[ 126.  273.   97.    1.]
[ 126.          239.          307.            1.44444444]
[ 126.          193.          102.            1.88888889]
[ 126.  175.   53.    1.]
[ 126.  170.   54.    1.]
[ 125.  271.   92.    1.]
[ 125.          229.          235.            1.33333333]
[ 125.          229.          125.            1.55555556]
[ 125.  227.   58.    1.]
[ 125.          223.          229.            1.44444444]
[ 125.          223.           57.            1.11111111]
[ 125.          201.          321.            1.55555556]
[ 125.  199.  139.    2.]
[ 125.          180.          261.            1.88888889]
[ 125.  178.  141.    1.]
[ 125.  178.   52.    1.]
[ 125.          164.          107.            1.22222222]
[ 125.          130.          132.            1.33333333]
[ 125.  124.   78.    1.]
[ 125.          120.           83.            1.11111111]
[ 124.  221.   56.    1.]
[ 124.  194.   98.    2.]
[ 124.          149.          315.            1.77777778]
[ 123.  273.   96.    1.]
[ 123.          236.          309.            1.33333333]
[ 123.  214.  236.    2.]
[ 123.          169.          278.            1.55555556]
[ 123.          168.          160.            1.66666667]
[ 123.  121.   81.    1.]
[ 122.  271.   91.    1.]
[ 122.  270.   89.    1.]
[ 122.  222.   56.    1.]
[ 122.  212.  235.    2.]
[ 122.          199.           95.            1.44444444]
[ 122.          178.           51.            1.11111111]
[ 122.          176.          140.            1.11111111]
[ 122.          176.          127.            1.33333333]
[ 122.          165.           55.            1.11111111]
[ 122.  118.   85.    1.]
[ 121.  268.   86.    1.]
[ 121.          196.          322.            1.33333333]
[ 121.          144.          313.            1.55555556]
[ 120.          235.          237.            1.22222222]
[ 120.          233.          311.            1.33333333]
[ 120.          233.          141.            1.22222222]
[ 120.  219.   55.    1.]
[ 120.  217.  157.    1.]
[ 120.  216.   54.    1.]
[ 120.          186.           83.            1.33333333]
[ 120.  175.   51.    1.]
[ 120.          174.          118.            1.33333333]
[ 120.  172.   52.    1.]
[ 120.          167.          281.            1.33333333]
[ 119.  269.   87.    1.]
[ 119.  267.   84.    1.]
[ 119.          231.          312.            1.44444444]
[ 119.          223.          228.            1.11111111]
[ 119.          223.          131.            1.33333333]
[ 119.          212.           53.            1.22222222]
[ 119.  197.  126.    2.]
[ 119.          191.           92.            1.55555556]
[ 119.  175.  262.    2.]
[ 119.          169.          126.            1.44444444]
[ 119.          169.           88.            1.44444444]
[ 119.          160.          101.            1.44444444]
[ 119.  115.   89.    1.]
[ 118.          265.           81.            1.11111111]
[ 118.          227.          141.            1.33333333]
[ 118.          203.           94.            1.55555556]
[ 118.  196.  122.    2.]
[ 118.          190.          323.            1.33333333]
[ 118.          172.          161.            1.33333333]
[ 118.          160.           55.            1.11111111]
[ 117.  268.   85.    1.]
[ 117.          229.          313.            1.55555556]
[ 117.          224.          132.            1.33333333]
[ 117.  217.  158.    1.]
[ 117.  204.  252.    2.]
[ 117.  195.  119.    2.]
[ 117.          193.          146.            1.33333333]
[ 117.          190.           90.            1.33333333]
[ 117.          189.          112.            1.77777778]
[ 117.          180.          100.            1.88888889]
[ 117.          177.           95.            1.88888889]
[ 117.  169.   52.    1.]
[ 117.          168.          113.            1.22222222]
[ 117.          139.          311.            1.33333333]
[ 116.          262.           77.            1.11111111]
[ 116.          240.          238.            1.33333333]
[ 116.          186.          109.            1.88888889]
[ 116.  175.  127.    1.]
[ 116.          175.           93.            1.66666667]
[ 116.          165.          285.            1.33333333]
[ 115.          225.          133.            1.33333333]
[ 115.  224.  123.    2.]
[ 115.  217.  159.    1.]
[ 115.  214.   53.    1.]
[ 115.  210.  145.    2.]
[ 115.  210.   52.    1.]
[ 115.          206.           51.            1.11111111]
[ 115.          193.          147.            1.44444444]
[ 115.          189.          323.            1.33333333]
[ 115.  166.   52.    1.]
[ 115.          163.          110.            1.22222222]
[ 115.          148.          275.            1.11111111]
[ 115.          134.          308.            1.22222222]
[ 114.          260.           75.            1.11111111]
[ 114.          197.          111.            1.77777778]
[ 114.          155.           56.            1.33333333]
[ 113.  216.  251.    2.]
[ 113.  163.   52.    1.]
[ 112.  226.  121.    2.]
[ 112.          224.          316.            1.55555556]
[ 112.  224.  226.    1.]
[ 112.  203.  255.    2.]
[ 112.          198.          159.            1.22222222]
[ 112.          198.          108.            1.77777778]
[ 112.          163.          287.            1.11111111]
[ 111.          242.          237.            1.11111111]
[ 111.          226.          136.            1.33333333]
[ 111.          222.          317.            1.44444444]
[ 111.  216.  160.    1.]
[ 111.          187.          324.            1.33333333]
[ 111.          181.          324.            1.33333333]
[ 111.  149.  153.    1.]
[ 111.          133.          308.            1.33333333]
[ 110.          240.          166.            1.55555556]
[ 110.          239.          208.            1.33333333]
[ 110.          220.          318.            1.55555556]
[ 110.  202.  256.    2.]
[ 110.          200.          103.            1.88888889]
[ 110.          199.          159.            1.22222222]
[ 110.  190.  141.    1.]
[ 110.          167.          273.            1.66666667]
[ 110.  162.  288.    1.]
[ 110.  158.   53.    1.]
[ 110.  149.   57.    1.]
[ 110.          148.          103.            1.22222222]
[ 109.          233.          109.            1.66666667]
[ 109.          227.          137.            1.22222222]
[ 109.  216.  275.    1.]
[ 109.  215.  138.    2.]
[ 109.  149.  153.    1.]
[ 109.          130.          306.            1.33333333]
[ 108.          256.          295.            1.11111111]
[ 108.          253.           68.            1.11111111]
[ 108.          224.          118.            1.22222222]
[ 108.          219.          131.            1.55555556]
[ 108.          195.          146.            1.33333333]
[ 108.          126.          303.            1.55555556]
[ 107.          268.          138.            1.33333333]
[ 107.          266.          141.            1.22222222]
[ 107.          262.          147.            1.33333333]
[ 107.          236.          104.            1.44444444]
[ 107.          221.          128.            1.66666667]
[ 107.          202.          100.            1.66666667]
[ 107.          201.          263.            1.77777778]
[ 107.          173.          270.            1.33333333]
[ 107.          154.          153.            1.33333333]
[ 106.          271.          132.            1.11111111]
[ 106.          215.          320.            1.44444444]
[ 106.          201.          255.            1.77777778]
[ 106.          200.          160.            1.33333333]
[ 106.          164.          278.            1.66666667]
[ 106.          144.           58.            1.11111111]
[ 105.          274.          125.            1.11111111]
[ 105.          273.          128.            1.11111111]
[ 105.  272.  130.    1.]
[ 105.          254.          221.            1.11111111]
[ 105.  251.   66.    1.]
[ 105.          250.          216.            1.11111111]
[ 105.          248.           64.            1.11111111]
[ 105.          245.          127.            1.11111111]
[ 105.          233.          125.            1.66666667]
[ 105.          228.          139.            1.22222222]
[ 105.  221.  255.    2.]
[ 105.          215.          275.            1.44444444]
[ 105.          201.          269.            1.66666667]
[ 105.          172.          271.            1.22222222]
[ 105.          141.           59.            1.11111111]
[ 104.          268.          137.            1.11111111]
[ 104.          261.          231.            1.11111111]
[ 104.          259.          228.            1.11111111]
[ 104.          257.          225.            1.22222222]
[ 104.          253.          299.            1.44444444]
[ 104.          250.          159.            1.33333333]
[ 104.          230.          255.            1.55555556]
[ 104.          222.          242.            1.66666667]
[ 104.          212.          321.            1.33333333]
[ 104.          205.           96.            1.77777778]
[ 104.          174.          325.            1.44444444]
[ 104.          120.          297.            1.55555556]
[ 103.  268.  244.    1.]
[ 103.  267.  242.    1.]
[ 103.          266.          240.            1.11111111]
[ 103.  265.  238.    1.]
[ 103.  262.  233.    1.]
[ 103.          254.          155.            1.44444444]
[ 103.          247.           63.            1.11111111]
[ 103.          222.          114.            1.55555556]
[ 103.  219.  136.    2.]
[ 103.          118.          294.            1.33333333]
[ 102.  271.  253.    1.]
[ 102.  270.  249.    1.]
[ 102.          260.          148.            1.44444444]
[ 102.          234.          126.            1.44444444]
[ 102.          227.          278.            1.66666667]
[ 102.          206.           94.            1.88888889]
[ 102.          200.          275.            1.55555556]
[ 102.  188.   47.    1.]
[ 102.          138.           60.            1.11111111]
[ 101.          275.          121.            1.11111111]
[ 101.  269.  247.    1.]
[ 101.          263.          144.            1.22222222]
[ 101.          244.           61.            1.11111111]
[ 101.          223.          240.            1.55555556]
[ 101.          209.          322.            1.33333333]
[ 101.          201.          161.            1.33333333]
[ 101.          166.          324.            1.33333333]
[ 100.  271.  254.    1.]
[ 100.  270.  250.    1.]
[ 100.          270.          133.            1.11111111]
[ 100.  268.  136.    1.]
[ 100.  267.  138.    1.]
[ 100.  265.  141.    1.]
[ 100.          249.          303.            1.44444444]
[ 100.          246.           62.            1.11111111]
[ 100.          242.          103.            1.22222222]
[ 100.  241.   59.    1.]
[ 100.          229.          141.            1.33333333]
[ 100.  221.  135.    2.]
[ 100.          220.          256.            1.77777778]
[ 100.          206.          295.            1.22222222]
[ 100.  183.   46.    1.]
[ 100.  136.   61.    1.]
[  99.          271.          131.            1.22222222]
[  99.          210.          268.            1.88888889]
[  99.          207.          323.            1.44444444]
[  98.          272.          128.            1.11111111]
[  98.          246.          305.            1.33333333]
[  98.  243.   60.    1.]
[  98.          235.          127.            1.33333333]
[  98.          230.          142.            1.33333333]
[  98.          208.           90.            1.44444444]
[  97.          238.           57.            1.11111111]
[  97.          223.          239.            1.66666667]
[  97.          199.          279.            1.44444444]
[  97.          157.          286.            1.77777778]
[  96.  274.  123.    1.]
[  96.          243.          256.            1.33333333]
[  96.          242.          308.            1.33333333]
[  96.  223.  135.    2.]
[  96.          219.          113.            1.22222222]
[  96.          203.          324.            1.44444444]
[  96.          201.          163.            1.33333333]
[  96.          164.          325.            1.33333333]
[  96.          158.          323.            1.33333333]
[  95.          246.          101.            1.11111111]
[  95.          236.          266.            1.33333333]
[  95.          236.          128.            1.44444444]
[  95.          235.           55.            1.11111111]
[  95.          233.           54.            1.11111111]
[  95.          231.          143.            1.22222222]
[  95.  220.  258.    2.]
[  95.  208.  259.    2.]
[  95.          198.          279.            1.33333333]
[  94.  197.  153.    1.]
[  93.          231.           53.            1.11111111]
[  93.          228.          127.            1.66666667]
[  93.          225.          137.            1.44444444]
[  93.          223.          238.            1.55555556]
[  93.          214.          254.            1.77777778]
[  93.          212.          239.            1.88888889]
[  93.          200.          325.            1.33333333]
[  93.          195.          256.            1.55555556]
[  92.          240.          310.            1.44444444]
[  92.          231.          145.            1.22222222]
[  92.          227.           51.            1.11111111]
[  92.          165.          276.            1.33333333]
[  91.          238.          311.            1.33333333]
[  91.          230.          124.            1.66666667]
[  91.          215.          256.            1.77777778]
[  91.          155.          323.            1.33333333]
[  91.          155.          289.            1.44444444]
[  90.          232.          123.            1.55555556]
[  90.          226.          139.            1.22222222]
[  90.          223.          257.            1.33333333]
[  90.          220.          266.            1.33333333]
[  90.          206.          263.            1.66666667]
[  90.  204.  164.    1.]
[  90.  198.  154.    1.]
[  90.          197.          284.            1.11111111]
[  90.          196.          326.            1.33333333]
[  90.          152.          322.            1.44444444]
[  90.  146.  296.    1.]
[  90.  121.   69.    1.]
[  89.          235.          313.            1.55555556]
[  89.          233.          314.            1.33333333]
[  89.          149.          321.            1.55555556]
[  88.          196.          286.            1.33333333]
[  87.          242.          128.            1.22222222]
[  87.          238.          119.            1.55555556]
[  87.          232.          315.            1.55555556]
[  87.          231.          149.            1.22222222]
[  87.          205.          267.            1.77777778]
[  87.          205.          164.            1.11111111]
[  86.          230.          316.            1.55555556]
[  86.          227.          141.            1.33333333]
[  86.          192.          327.            1.33333333]
[  86.          145.          320.            1.55555556]
[  85.          242.          117.            1.55555556]
[  85.          226.          258.            1.55555556]
[  85.          226.          237.            1.33333333]
[  85.          220.          274.            1.44444444]
[  85.  206.  164.    1.]
[  85.          204.          270.            1.66666667]
[  85.  172.   45.    1.]
[  85.  167.   46.    1.]
[  85.          143.          319.            1.44444444]
[  84.  270.   89.    1.]
[  84.          230.          151.            1.11111111]
[  84.          228.          317.            1.44444444]
[  83.          269.           87.            1.11111111]
[  83.          245.          115.            1.66666667]
[  83.          226.          318.            1.55555556]
[  83.          221.          242.            1.77777778]
[  83.          196.          259.            1.22222222]
[  83.          140.          318.            1.55555556]
[  82.          257.           82.            1.66666667]
[  82.          248.          114.            1.55555556]
[  82.          245.          128.            1.44444444]
[  82.          229.          143.            1.33333333]
[  82.          220.          277.            1.44444444]
[  82.          218.          265.            1.77777778]
[  82.          187.          328.            1.33333333]
[  81.          259.          152.            1.77777778]
[  81.          138.          317.            1.33333333]
[  80.          268.           85.            1.11111111]
[  80.          248.          126.            1.11111111]
[  80.          230.          260.            1.55555556]
[  80.          221.          279.            1.44444444]
[  79.          264.          146.            1.66666667]
[  79.          261.          293.            1.33333333]
[  79.          222.          320.            1.44444444]
[  79.          219.          267.            1.88888889]
[  79.          201.          280.            1.77777778]
[  79.          192.          298.            1.33333333]
[  79.          179.          329.            1.11111111]
[  79.          134.          315.            1.55555556]
[  78.          232.          144.            1.11111111]
[  78.          185.          329.            1.22222222]
[  77.          264.           78.            1.11111111]
[  77.          260.          295.            1.11111111]
[  77.          253.          222.            1.55555556]
[  77.          221.          281.            1.66666667]
[  77.          220.          321.            1.55555556]
[  77.          146.          296.            1.22222222]
[  77.          132.          314.            1.55555556]
[  76.          262.           75.            1.11111111]
[  76.          259.           71.            1.33333333]
[  76.          253.          158.            1.44444444]
[  76.          223.          242.            1.55555556]
[  76.          192.          300.            1.66666667]
[  75.  265.  242.    1.]
[  75.  264.  239.    1.]
[  75.          262.          235.            1.11111111]
[  75.  259.  297.    1.]
[  75.          259.          230.            1.22222222]
[  75.          259.          151.            1.11111111]
[  75.          258.          228.            1.11111111]
[  75.          255.          156.            1.33333333]
[  75.          234.          145.            1.11111111]
[  75.          218.          322.            1.44444444]
[  75.          178.          329.            1.22222222]
[  75.          145.          296.            1.22222222]
[  74.          231.          260.            1.55555556]
[  74.          224.          241.            1.77777778]
[  73.          266.          142.            1.22222222]
[  73.          265.          144.            1.33333333]
[  73.  264.  240.    1.]
[  73.          256.          301.            1.55555556]
[  73.  230.  152.    1.]
[  73.          222.          284.            1.55555556]
[  73.          216.          323.            1.55555556]
[  73.          197.          286.            1.55555556]
[  73.          181.          330.            1.33333333]
[  72.          219.          273.            1.44444444]
[  72.          194.          268.            1.44444444]
[  72.          144.          297.            1.22222222]
[  71.          269.          137.            1.33333333]
[  71.          268.          139.            1.33333333]
[  71.          225.          242.            1.55555556]
[  71.          214.          324.            1.44444444]
[  71.          196.          288.            1.55555556]
[  71.          128.          311.            1.33333333]
[  70.          254.           66.            1.33333333]
[  70.          251.           63.            1.33333333]
[  70.          228.          237.            1.11111111]
[  70.          219.          275.            1.33333333]
[  70.          195.          290.            1.44444444]
[  70.          179.          331.            1.11111111]
[  70.          174.          330.            1.22222222]
[  70.          143.          297.            1.11111111]
[  69.          273.          125.            1.11111111]
[  69.          272.          129.            1.11111111]
[  69.          270.          134.            1.33333333]
[  69.          251.          307.            1.66666667]
[  69.          211.          325.            1.44444444]
[  68.          271.          132.            1.33333333]
[  67.  274.  121.    1.]
[  67.          249.           62.            1.33333333]
[  67.          208.          326.            1.44444444]
[  66.          272.          128.            1.11111111]
[  66.          228.          243.            1.55555556]
[  66.          168.          330.            1.33333333]
[  65.  274.  119.    1.]
[  65.          248.          310.            1.11111111]
[  65.          206.          327.            1.44444444]
[  65.          192.          297.            1.22222222]
[  65.          170.          331.            1.33333333]
[  65.          142.          298.            1.11111111]
[  64.          220.          281.            1.44444444]
[  64.          165.          330.            1.44444444]
[  64.          121.          304.            1.55555556]
[  63.  273.  124.    1.]
[  62.          203.          328.            1.44444444]
[  62.          118.          299.            1.55555556]
[  61.          165.          331.            1.55555556]
[  60.  274.  116.    1.]
[  60.  244.  271.    1.]
[  60.          243.          314.            1.66666667]
[  60.          236.          248.            1.44444444]
[  60.  230.  264.    1.]
[  60.          223.          285.            1.22222222]
[  60.          117.          297.            1.66666667]
[  60.          115.          294.            1.77777778]
[  59.          200.          329.            1.33333333]
[  58.          246.          272.            1.22222222]
[  58.          241.          316.            1.55555556]
[  58.  212.  176.    2.]
[  57.          239.          250.            1.44444444]
[  57.          225.          287.            1.44444444]
[  57.          162.          331.            1.33333333]
[  57.          155.          329.            1.55555556]
[  55.          238.          318.            1.55555556]
[  55.          226.          289.            1.33333333]
[  55.          198.          330.            1.33333333]
[  55.          185.          302.            1.11111111]
[  55.          162.          332.            1.33333333]
[  54.          151.          328.            1.55555556]
[  54.          143.          302.            1.33333333]
[  53.  273.  105.    1.]
[  53.  271.   98.    1.]
[  53.          235.          320.            1.66666667]
[  52.          241.          165.            1.55555556]
[  51.  272.  102.    1.]
[  51.          193.          331.            1.33333333]
[  51.          155.          330.            1.33333333]
[  51.          152.          329.            1.55555556]
[  49.          231.          323.            1.55555556]
[  48.          252.          222.            1.44444444]
[  48.          190.          332.            1.44444444]
[  46.          256.          228.            1.33333333]
[  46.          229.          324.            1.33333333]
[  45.          227.          325.            1.44444444]
[  44.          262.          240.            1.33333333]
[  44.          146.          328.            1.44444444]
[  44.          142.          326.            1.55555556]
[  43.          259.          233.            1.33333333]
[  43.          225.          326.            1.44444444]
[  43.          140.          325.            1.55555556]
[  42.  262.  241.    1.]
[  42.          185.          333.            1.33333333]
[  42.          145.          328.            1.44444444]
[  41.          223.          327.            1.44444444]
[  41.          138.          324.            1.55555556]
[  40.  261.  238.    1.]
[  40.          221.          328.            1.22222222]
[  40.          182.          333.            1.22222222]
[  40.          141.          326.            1.33333333]
[  39.          253.          304.            1.11111111]
[  38.          256.          300.            1.33333333]
[  36.          178.          333.            1.33333333]
[  36.          142.          328.            1.77777778]
[  35.          219.          329.            1.22222222]
[  35.          132.          321.            1.66666667]
[  34.          217.          330.            1.55555556]
[  33.          172.          333.            1.11111111]
[  33.          130.          320.            1.66666667]
[  32.          248.          310.            1.33333333]
[  31.          214.          331.            1.33333333]
[  31.          128.          319.            1.66666667]
[  30.          247.          311.            1.33333333]
[  29.          250.          308.            1.11111111]
[  29.          212.          332.            1.44444444]
[  28.  169.  333.    1.]
[  25.          208.          333.            1.22222222]
[  24.          204.          334.            1.33333333]
[  24.          122.          314.            1.66666667]
[  21.          163.          332.            1.33333333]
[  18.          162.          332.            1.33333333]
[  15.          159.          331.            1.22222222]
[  11.  154.  329.    1.]
[  10.           96.          213.            1.66666667]
[  10.           94.          226.            1.55555556]
[   0.           98.          220.            1.77777778]
